<<<<<<< HEAD
0	0.8023088023088023	0.2986111111111111	0.01443001443001443	0.5513888888888889
0	0.8434343434343434	0.29583333333333334	0.01948051948051948	0.4791666666666667
0	0.8658008658008658	0.29305555555555557	0.023809523809523808	0.5944444444444444
=======
0	0.5483405483405484	0.22071307300509338	0.024531024531024532	0.5407470288624788
0	0.8008658008658008	0.299660441426146	0.016354016354016353	0.5475382003395586
0	0.8422318422318422	0.29711375212224106	0.022126022126022125	0.47283531409168084
0	0.8653198653198653	0.29711375212224106	0.025493025493025494	0.5933786078098472
>>>>>>> aca632534fdfab72aa57b33fe3234e96aef0338e
