<<<<<<< HEAD
0	0.8037518037518038	0.35833333333333334	0.016594516594516596	0.43333333333333335
0	0.8210678210678211	0.3611111111111111	0.012265512265512266	0.33611111111111114
0	0.8362193362193362	0.2263888888888889	0.02958152958152958	0.5291666666666667
=======
0	0.5440115440115441	0.20555555555555555	0.031746031746031744	0.6430555555555556
0	0.803030303030303	0.3638888888888889	0.015151515151515152	0.425
0	0.8196248196248196	0.3597222222222222	0.01443001443001443	0.33611111111111114
0	0.8354978354978355	0.22777777777777777	0.031746031746031744	0.525
>>>>>>> aca632534fdfab72aa57b33fe3234e96aef0338e
